%YAML:1.0
cameraMatrix: !!opencv-matrix
   rows: 3
   cols: 3
   dt: d
   data: [ 531.73827491, 0., 342.699634, 0.,
           530.93385198, 262.36498628, 0., 0., 1.]
distCoeff: !!opencv-matrix
   rows: 1
   cols: 5
   dt: d
   data: [-0.25232498, 0.16192896, -0.00085018,  0.00114874, -0.08283877]