%YAML:1.0
R: !!opencv-matrix
   rows: 3
   cols: 3
   dt: d
   data: [ 9.9939998259452323e-01, 3.9878761687418083e-03,
       3.4405982528179016e-02, -3.9831761599204377e-03,
       9.9999204607967751e-01, -2.0514643322044613e-04,
       -3.4406526964307516e-02, 6.7978252424961161e-05,
       9.9940791785997551e-01 ]
T: !!opencv-matrix
   rows: 3
   cols: 1
   dt: d
   data: [ -3.0254109291538640e+02, 4.7045577507502728e-01,
       -1.4339998987807043e+01 ]
E: !!opencv-matrix
   rows: 3
   cols: 3
   dt: d
   data: [ -7.3305491412149343e-02, 1.4339916909359102e+01,
       4.6723542696820058e-01, -2.4740783010024145e+01,
       -3.6619925440131595e-02, 3.0186858198301911e+02,
       7.3490097527536591e-01, -3.0254056264701296e+02,
       4.5878732936694797e-02 ]
F: !!opencv-matrix
   rows: 3
   cols: 3
   dt: d
   data: [ 1.5736756851108270e-08, -3.1188225330611007e-06,
       7.1319770564532033e-04, 5.3039298249864469e-06,
       7.9536612100315989e-09, -3.7946526492879967e-02,
       -1.4742857490732889e-03, 3.6057619038318230e-02, 1. ]
