%YAML:1.0
cameraMatrix: !!opencv-matrix
   rows: 3
   cols: 3
   dt: d
   data: [ 5.5870564078764244e+02, 0., 3.3713520374596254e+02, 0.,
       5.5146474437697157e+02, 2.4834469971516498e+02, 0., 0., 1. ]
distCoeff: !!opencv-matrix
   rows: 1
   cols: 5
   dt: d
   data: [ -2.1051842697838807e-01, 1.2240134334786965e-01,
       9.0516851878839830e-03, -1.5288452390136154e-02,
       -6.3984554710227293e-02 ]
