%YAML:1.0
cameraMatrix: !!opencv-matrix
   rows: 3
   cols: 3
   dt: d
   data: [ 5.3314176793544232e+02, 0., 3.1384505282957997e+02, 0.,
       5.3387195064851016e+02, 2.6117169407664647e+02, 0., 0., 1. ]
distCoeff: !!opencv-matrix
   rows: 1
   cols: 5
   dt: d
   data: [ -2.2979862819327485e-01, 4.0684646220155579e-02,
       2.1285836148879078e-03, -4.3112069229096894e-03,
       9.9486702446258415e-02 ]
