%YAML:1.0
cameraMatrix: !!opencv-matrix
   rows: 3
   cols: 3
   dt: d
   data: [ 9.6014439075391476e+02, 0., 3.2946799178219334e+02, 0.,
       9.5956328375633177e+02, 2.6837875908615746e+02, 0., 0., 1. ]
distCoeff: !!opencv-matrix
   rows: 1
   cols: 5
   dt: d
   data: [ -3.3880587439602497e-02, -9.2097331871265856e-02,
       3.1788093470316932e-03, -1.5554548433097629e-03,
       4.4378078283396558e+00 ]
