%YAML:1.0
R: !!opencv-matrix
  rows: 3
  cols: 3
  dt: d
  data: [ 0.99960214,  0.00750848, -0.02718798,
         -0.00772719,  0.99993856, -0.00794802,
          0.02712663,  0.00815494,  0.99959874]
T: !!opencv-matrix
  rows: 1
  cols: 3
  dt: d
  data: [-32.31270879, 0.44479176, -0.68926981]
E: !!opencv-matrix
  rows: 3
  cols: 3
  dt: d
  data: [ 6.73958465e-03,  6.92854709e-01, 4.39134951e-01,
          1.87539389e-01,  2.58332908e-01, 3.23184829e+01,
         -1.94928402e-01, -3.23140631e+01, 2.68914980e-01]
F: !!opencv-matrix
  rows: 3
  cols: 3
  dt: d
  data: [ -4.85887076e-08,  -5.00776832e-06,  -4.32274663e-04,
          -1.35410461e-06,  -1.86999004e-06,  -1.23658559e-01,
           1.11918703e-03,   1.26398187e-01,   1.00000000e+00]
