%YAML:1.0
R: !!opencv-matrix
  rows: 3
  cols: 3
  dt: d
  data: [ 0.44541621,  0.33339849,  0.83093312,
          0.27854941,  0.83041984, -0.48250712,
         -0.85089049,  0.44637242,  0.2770145 ]
T: !!opencv-matrix
  rows: 1
  cols: 3
  dt: d
  data: [-1558.90706734, 548.55482291, 1332.83991634]
E: !!opencv-matrix
  rows: 3
  cols: 3
  dt: d
  data: [ -838.02185417,  -861.95695849,   795.06239375,
          -732.79069175,  1140.21994748,  1539.34069024,
          -678.56785487, -1477.43470282,   296.37139466]
F: !!opencv-matrix
  rows: 3
  cols: 3
  dt: d
  data: [  6.92212868e-06,   7.13788826e-06,  -7.61016170e-03,
           6.06208154e-06,  -9.45649735e-06,  -6.49843968e-03,
          -9.82282222e-04,   6.54054743e-03,   1.00000000e+00]