%YAML:1.0
R: !!opencv-matrix
   rows: 3
   cols: 3
   dt: d
   data: [ 9.9998699745969644e-01, 5.0681554556117822e-03,
       -5.6454567468714899e-04, -5.0610177405672665e-03,
       9.9991520595610228e-01, 1.1998624804340937e-02,
       6.2530870033835489e-04, -1.1995611616063381e-02,
       9.9992785454300948e-01 ]
T: !!opencv-matrix
   rows: 3
   cols: 1
   dt: d
   data: [ -2.9547509728061618e+02, 4.1308009853551990e+00,
       4.9721287743700087e+00 ]
E: !!opencv-matrix
   rows: 3
   cols: 3
   dt: d
   data: [ 2.7747057730980448e-02, -5.0212586517480222e+00,
       4.0708442591878402e+00, 5.1568272731281164e+00,
       -3.5192049876229889e+00, 2.9545097310090000e+02,
       -2.6353425652158640e+00, -2.9547097829379669e+02,
       -3.5429628054669773e+00 ]
F: !!opencv-matrix
   rows: 3
   cols: 3
   dt: d
   data: [ -7.6282253360811447e-09, 1.3797968522930623e-06,
       -1.4462160831676693e-03, -1.4185743010537776e-06,
       9.6763161266096158e-07, -7.7931064164995290e-02,
       1.0788615071465391e-03, 7.7242497173266936e-02, 1. ]
