%YAML:1.0
R: !!opencv-matrix
  rows: 3
  cols: 3
  dt: d
  data: [ 0.99960214,  0.00750848, -0.02718798,
         -0.00772719,  0.99993856, -0.00794802,
          0.02712663,  0.00815494,  0.99959874]
T: !!opencv-matrix
  rows: 3
  cols: 1
  dt: d
  data: [-296.19983058, 4.07725776, -6.31830657]
E: !!opencv-matrix
  rows: 3
  cols: 3
  dt: d
  data: [  6.17795259e-02,  6.35116817e+00,  4.02540371e+00,
           1.71911106e+00,  2.36805165e+00,  2.96252760e+02,
          -1.78684369e+00, -2.96212245e+02,  2.46505398e+00]
F: !!opencv-matrix
  rows: 3
  cols: 3
  dt: d
  data: [ -4.85887075e-08, -5.00776833e-06, -4.32274662e-04,
          -1.35410460e-06, -1.86999004e-06, -1.23658559e-01,
           1.11918703e-03,  1.26398187e-01,  1.00000000e+00]
